%+++++++++++++++++++++++++++++++++++++++++++++++++++++++++++++++++++++++++++++++++++++++++ 
% MC_Supply_1.m 
%
% Project:	"Marine Cybernetics Simulator: MCSim"
%
% Abstract:	Transfer function data for MarCyb Vessel 1: Supply vessel		
% 
% Inputs:	- 
%
% Outputs:	-
%
% Calls:	-
%						
% Author:	Oyvind Smogeli, Autumn 2002
%
% Revision:	-
%
%+++++++++++++++++++++++++++++++++++++++++++++++++++++++++++++++++++++++++++++++++++++++++ 

% TF Directions 
Dir_TF = [ 1        0
       2        15.0000
       3        30.0000
       4        45.0000
       5        60.0000
       6        90.0000
       7        120.000
       8        150.000
       9        180.000 ];

%------------------------------------------------------------------------------------
	
% TF Frequencies
Freq_TF = [ 	   0		0  
	   1        .157080
       2        .251327
       3        .279253
       4        .314159
       5        .330694
       6        .349066
       7        .369599
       8        .392699
       9        .418879
      10        .448799
      11        .483322
      12        .523599
      13        .571199
      14        .598399
      15        .628319
      16        .661388
      17        .698132
      18        .739198
      19        .785398
      20        .837758
      21        .897598
      22        .966644
      23        1.04720
      24        1.14240
      25        1.25664
      26        1.39626
      27        1.57080
      28        2.09440 ];


%------------------------------------------------------------------------------------

% Surge transfer function
% Dir Freq Amp Phase

Surge_TF_Coefs = [	   1       0          .9937             -90.00
	   1       1          .9937             -90.00
	   1       2          .9816             -90.00
       1       3          .9759             -90.00
       1       4          .9667             -90.00
       1       5          .9616             -90.00
       1       6          .9551             -90.00
       1       7          .9470             -90.00
       1       8          .9366             -90.00
       1       9          .9229             -90.00
       1      10          .9048             -90.00
       1      11          .8801             -90.00
       1      12          .8460             -90.00
       1      13          .7975             -90.00
       1      14          .7657             -90.00
       1      15          .7270             -91.00
       1      16          .6798             -91.00
       1      17          .6219             -91.00
       1      18          .5505             -92.00
       1      19          .4631             -92.00
       1      20          .3587             -93.00
       1      21          .2415             -92.00
       1      22          .1255             -87.00
       1      23          .3849E-01         -54.00
       1      24          .3454E-01          32.00
       1      25          .1880E-01          37.00
       1      26          .8400E-02         -94.00
       1      27          .6393E-02           2.00
       1      28          .2647E-02          60.00
       2       0          .9599             -90.00
       2       1          .9599             -90.00
       2       2          .9485             -90.00
       2       3          .9431             -90.00
       2       4          .9347             -90.00
       2       5          .9299             -90.00
       2       6          .9239             -90.00
       2       7          .9164             -90.00
       2       8          .9067             -90.00
       2       9          .8941             -90.00
       2      10          .8774             -90.00
       2      11          .8547             -90.00
       2      12          .8232             -90.00
       2      13          .7786             -90.00
       2      14          .7493             -90.00
       2      15          .7136             -91.00
       2      16          .6701             -91.00
       2      17          .6165             -91.00
       2      18          .5502             -92.00
       2      19          .4687             -92.00
       2      20          .3706             -93.00
       2      21          .2588             -92.00
       2      22          .1452             -89.00
       2      23          .5109E-01         -71.00
       2      24          .2493E-01          25.00
       2      25          .1890E-01          50.00
       2      26          .6579E-02        -105.00
       2      27          .7039E-02         -30.00
       2      28          .2606E-02          31.00
       3       0          .8608             -90.00
       3       1          .8608             -90.00
       3       2          .8513             -90.00
       3       3          .8469             -90.00
       3       4          .8401             -90.00
       3       5          .8363             -90.00
       3       6          .8316             -90.00
       3       7          .8256             -90.00
       3       8          .8180             -90.00
       3       9          .8081             -90.00
       3      10          .7951             -90.00
       3      11          .7774             -90.00
       3      12          .7531             -90.00
       3      13          .7186             -90.00
       3      14          .6959             -90.00
       3      15          .6683             -90.00
       3      16          .6344             -91.00
       3      17          .5926             -91.00
       3      18          .5405             -91.00
       3      19          .4756             -92.00
       3      20          .3956             -92.00
       3      21          .3011             -93.00
       3      22          .1986             -92.00
       3      23          .9997E-01         -90.00
       3      24          .1921E-01         -81.00
       3      25          .1850E-01          83.00
       3      26          .6486E-02         144.00
       3      27          .1168E-01         -84.00
       3      28          .3174E-02         -83.00
       4       0          .7030             -91.00
       4       1          .7030             -91.00
       4       2          .6961             -90.00
       4       3          .6930             -90.00
       4       4          .6883             -90.00
       4       5          .6857             -90.00
       4       6          .6825             -90.00
       4       7          .6786             -90.00
       4       8          .6736             -90.00
       4       9          .6671             -90.00
       4      10          .6587             -90.00
       4      11          .6473             -90.00
       4      12          .6318             -90.00
       4      13          .6101             -90.00
       4      14          .5958             -90.00
       4      15          .5785             -90.00
       4      16          .5572             -90.00
       4      17          .5309             -90.00
       4      18          .4978             -91.00
       4      19          .4559             -91.00
       4      20          .4028             -92.00
       4      21          .3370             -93.00
       4      22          .2597             -93.00
       4      23          .1742             -96.00
       4      24          .8194E-01        -107.00
       4      25          .1517E-01         168.00
       4      26          .2198E-01         113.00
       4      27          .1228E-01        -158.00
       4      28          .5273E-02         126.00
       5       0          .4972             -91.00
       5       1          .4972             -91.00
       5       2          .4929             -90.00
       5       3          .4911             -90.00
       5       4          .4884             -90.00
       5       5          .4869             -90.00
       5       6          .4852             -90.00
       5       7          .4830             -90.00
       5       8          .4803             -90.00
